def lllllllllllllllllllllll():
    llllllllllllllllllllllllllllllllllllllllllllll = {
        'lilililililill': [65, 69, 83, 46, 110, 101, 119, 40, 107, 101, 121, 44, 32, 65, 69, 83, 46, 77, 79, 68, 69, 95, 69, 67, 66, 41],
        'lililililililli': [117, 110, 112, 97, 100, 40, 99, 105, 112, 104, 101, 114, 46, 100, 101, 99, 114, 121, 112, 116, 40, 98, 97, 115, 101, 54, 52, 46, 98, 54, 52, 100, 101, 99, 111, 100, 101, 40, 100, 97, 116, 97, 41, 41, 44, 32, 65, 69, 83, 46, 98, 108, 111, 99, 107, 95, 115, 105, 122, 101, 41],
        'lilililililillil': [98, 121, 116, 101, 115, 40, 91, 120, 32, 94, 32, 48, 120, 65, 65, 32, 102, 111, 114, 32, 120, 32, 105, 110, 32, 111, 98, 102, 117, 115, 99, 97, 116, 101, 100, 95, 107, 101, 121, 91, 52, 58, 93, 93, 41],
        'lilililililillilii': [100, 101, 99, 114, 121, 112, 116, 40, 101, 110, 99, 114, 121, 112, 116, 101, 100, 95, 99, 111, 100, 101, 44, 32, 107, 101, 121, 41],
        'lilililill': [95, 95, 105, 109, 112, 111, 114, 116, 95, 95, 40, 34, 122, 108, 105, 98, 34, 41, 46, 100, 101, 99, 111, 109, 112, 114, 101, 115, 115],
        'lilililililillililli': eval,
        'lililililililliililli': chr,
        'lililililililllililli': exec,
        'lilllll': [95, 95, 105, 109, 112, 111, 114, 116, 95, 95, 40, 39, 109, 97, 114, 115, 104, 97, 108, 39, 41, 46, 108, 111, 97, 100, 115]
    }
    return llllllllllllllllllllllllllllllllllllllllllllll
